$ANSIBLE_VAULT;1.1;AES256
61366638666133313965623933336635323264313264306330366631343039333333356662376633
3737613263343963303139313132616665626533373738300a336561623031643061663432623736
62313662643438636537333536336530343830353734313765666439613736303635343531303839
3730636530306161390a653838393330383239376532393062393239303665346435356335373530
32313835613137326338643431353063346361343264616130643163636566623261356437323064
35346363333263333165376461303039646231653331353265616132313630326230636636353738
65376536666264653034333333313964343230306666633838346566616632386237383136373030
30653363626363343766313430376535623137316464333731656232366134646333646262663130
34353066653062636530373537383865353861343864396135353666313566623230613536323366
32386563323263633766373439396463646464326461353630343364386631353030373931393633
61666636326164633039336239343330343733343264386635623534663032656264613065663863
30633438383935656633363739653839353862313363363839343936633662363030633437623965
34383066326531343732326264343865316464353238393735363531643266626364373464386636
63356664306262343234646533353761303839346564313762636165366637333265656333333262
30393138306365663361343066353361646164646539396230383936626365363831646437656630
35643832366264646166376438663136323066306130363837343363613363646565373631313466
36636330333763326431303631313363366335636565336564373936623338636261356664373930
32333138323465653766636565316436666434363864333434653433633435376162643032636263
35356161616161333231626332613966393732346163366266376131643565656138333264323835
37306536653666666430326438396362353436643964656661313266373766353439333837396338
39373733633836653133356639626266633965356330323137663631336335613065313363366632
39383334646266386230393661656165663563623538303735343231306633323966323031326631
36346566353861303064346662346464393864383164646137623330346339313437643536313335
39353666393461396463326662656339303163316435353865383865313262653961386133386532
37323663653634363632356165363561643732623463336539633837396239623532383065303338
64303963343764633730646337326265346361393162313164643431663836346561663236333961
33346132313732613033613135393931363437323834356530313865396532333961303233323033
62396439353761646665313932643332396162633737353633366565363833356530353237333665
66666265613461383835323864373062326463396339356539346334646531346330323434363063
62663231303363353865633134653534623839376535316633356138353239636232343939343033
39636230633735616139633433663732373462303839316662393334343134396561326664633037
64626131393233393162353964376566323439313466303439383864666162356266666137306230
38626635636164343739636235323436623733633131353466313537313166383337366636343861
32356138616337383663393962323333343133343234366233646162393165366363643938333561
62636635336234393132613939623239323663386366346261336261373966353333303465616130
63323531353631313131633338643130623035346136336531323031653238613135333231343766
63336236323330376634383663663864623237383865346235303630306466323838656537363238
33353366623030646539396134303636656561373962313633623838343664393237643137626235
64343834613335373161373837323234333065386435653563316133646333323532656465313837
32303639323062396666633864346635616239303135373932643833336335363361646636313064
32633538306131323863376537366432373665396531326466643064613133393234383834633563
35343738316230336633396336393237386630616563333463653864653166313530363163306132
66353562626437346633346162663239316138386664356630376630623238623535373735643463
34346335336538343639336339623932356564323336353731663530626265326636623562303663
35373230356637393635613261303537323663626266613332663435313633656337356633333966
64326464303333343636326266333938646537643934623330306664396430336562326237353562
65313061303033366466333166633135393235363162363432303533633034316530333236373961
63313733616537383961393631373963366139656636386336616465306264346166346630346239
31326437393562383931666532393261663537303633623035353638313936613064346166336666
36313565623765356661373031646639643437623030353239303435353731346465383039633161
32316163623134313238316436386138626165626230353866613036653664393735646534393362
37356363303230363331336633363134363432366361396166666335353263333334336363323434
65376562306430363339323030333232363232313364613139356165656239363131396631313330
63626236656564653936363562633233643639313339653632643161353964623630623763313932
37623866643762313736316337343766326366386630386335653035336530626232346332373030
32353866353863633464366231646130663564323261636532333432346566343163303964333466
30613532356230356637353363333731653163663066353435316637356630316464343063366433
36616566643033383164363535653636643335313762373263663066393364303565653866336361
61623330333630363762363931666538666666316236303561313738373565333738643162303331
34653033656566313132356561386637333031363734373434616137373364393638336330373634
65663464653832303766336332363833613565646436643563663963353664393439633231666331
62663665643136363033643838366434323564386539303034633131373831313966343035376238
63343539386532653636643634666237363739633130393439366630326461393537306439386639
37333732623361376238653362653637643736663764633333613035346261636166366565373033
65633765613538376532616635663462316334346664326463636662636530366235313036303062
63363230623566316636333465393333396636373934346462653232353237383836383461313136
32353839336230636634643535623065353261633333343266363231633338656539623134643639
65346536626263313163646630383564336430653266326339653138613435393366333334326463
61326162366636383537383163623562366263333863623039303138303439363832336433663435
36313536616364353030643636633738346333393738633162396638356262646565303764613135
65633362363235356262656165653439643935313037313861363537623661666331636539623966
30383238316538613566393834353033613261666461613563343934633039613963333436363061
39383034663132326663303664613031646130653562363266323133366430326165333035386232
36626462393039386263366339643761613563353065336231313161333265666135383461316238
62633633343965303763613165666130636435663139336666323736333431336366656634353432
34386530323661303131633561353432376637343537653562316536333739373965333334313465
38306631303831366366633364613239663764326637346136666362393532633935366237616239
35636233663962346635383834663866326434643831636535373337316235373138373864333130
37356330353439396130356233663133653762303538616265646630643834623463633533376366
62643034353235383864386662333834356363396539383230323738353262616537326633333331
33356163636164313666316539386161353734373730663562333563353435643862666561376133
65623865333439613634306366343466316564653231373935303632666435663633346134396638
37393638626330316437393338383031666239336139363139316531616630383863663330633663
61363436383538333931636562356531656163653035343831383133303563363334386630363562
63353536376463626563653037303263363366336166383330353261353631386262323637333163
30643966346239663330616630363138623734656666306264666666343762316337663931373833
61353763366132313864313935376431393036613538346134373732616363316537636433626163
30623030613931326533393037313736393737313664366364363263353235623631353061366265
61393239306566643433393633623737633661666135323961653730313636336162306263333734
62303132366332356136396436313837636431636135326366386163343566343236393735346139
37663665363432323364623130383934393162393166656462386165303437323639663663633530
66613437376134313064653234313131373965663763626662633233363932393264383534326166
39393665623863333665623964343335333230346661383365643237663833306437313964316265
30333562636330396365366264636339333430343662333637316163313832663561306164663730
62366466386565363039333931353364363563663638326331323730633032366463623866373630
35633131346134643261353562616231643438323463666464353264393038653238323361303134
39663932393161633265363933303964636532313939666535363637333236373230623561303634
32386438396335643762623131306165323534383531346238613964383430653564323261643537
65376564373966623132356434336563306133663930313964393437323932313435656536616530
64383966646135363664323933623761333138623065306333393364633262313164623937313763
61366233343432383332656264613238643565626635663862326163653066303631356636353264
30633237613235336464356637333365313766366662343033613236643433383231663766316564
35306630663239373531363935323530393435636238623537653461623966333266303337366533
62633832313636646230316663316632313533316438363361643265313434393538363165313431
61643730323239316666373663333734616262333432386632303463323334663761666235663366
64613633303038323431666362643738663861636434363436336532313363636534356235633565
36386235363165386565333739656637653431346338623435663535646564336231343432373262
66613863306335373136313337666332623332623330643731353436613930633961363462383862
61306433643436623937613030326464356635313863353663316633336238363064333766366131
35303832653131616235363635313165343734396465633065623665626334393939323131666262
30343239306539326532623337303832336438326530623532313864323630613930643638326337
33393166383931653965613334306336666630653063373032386664313732313137333134343961
38656565333830663631343664663663643066666533336233313731636134323766663431633666
39393838623465316161623638346563373464303530333136613166663263623432646239666331
39393564656636613435326564323835316136626661666133333061666333623737303837623061
32643338383539646531396531646265636630666333303335383739666634326163356366363234
31396137626235353930613032373535333364663439376636313836623964663864326561383334
39316138336534666264623564366339316464376665663630333435363661346338353262383739
37313434653565306635656565363133636538303461636235313433343263616235323164656232
32393562323538366139666436626638373935366639343839626136633633663630323334623031
32613531643030363033396335656133396639323231333933646130383230633537316537326134
30396362653038326634636132393765396661646334373035323533383636373633303063383061
37666330316137393634623136633361663930343531636337646462623363343862303631363765
63366539343562303661366137396434303865623230303162366262336261643539323466663336
36363335306265333236623662383736363830303934373838303833313764353838633439356363
38393039643064356662383939633034346164393762333833626133646262316431303832666366
64646638643431316234303466383239653166353432633465336538333336336261326531636362
65336638306361653339666137386332373736373130643234643832313366373031653734656131
32643534656561643032306164633238633037303630393030386266336439613364376530356334
63653732353236326364653935383034386563393536613761363530356130616131623061656639
33646231303835383264306538386337633830353661356665393161313865643661303765356433
66336262653232303537386335636537303436333462323138393661656464303434316236636366
61656238623533636137303636323832386364343133643739653938396534636364613331396434
39663666353631623533373663643232333936616431396464653135363831323537623966633865
656330333736346365396537323835633564
